{
  "advancedEditorSelectedIdentifier" : "ProjectBrowser",
  "openSceneRelativePaths" : [
    "Scene.usda",
    "Materials\/GridMaterial.usda",
    "Earth.usda"
  ],
  "recentIdentifiers" : {
    "6B97867F-1AF5-4077-B362-9D9651D5A8C6" : [

    ]
  },
  "sceneCameraHistory" : {
    "6B97867F-1AF5-4077-B362-9D9651D5A8C6" : [
      {
        "date" : 730664205.145153,
        "title" : "Untitled",
        "transform" : [
          0.76744634,
          -2.2022086e-09,
          0.6411132,
          0,
          0.12652776,
          0.9803318,
          -0.15146044,
          0,
          -0.6285037,
          0.19735636,
          0.7523522,
          0,
          -0.20690887,
          0.022371313,
          0.32978463,
          1
        ]
      },
      {
        "date" : 730664203.427774,
        "title" : "Untitled",
        "transform" : [
          -0.09402198,
          9.1160335e-10,
          0.9955701,
          0,
          0.33701277,
          0.9409619,
          0.03182758,
          0,
          -0.9367937,
          0.33851233,
          -0.088470995,
          0,
          -0.38160565,
          0.07850742,
          0.01683308,
          1
        ]
      },
      {
        "date" : 730662087.507404,
        "title" : "Untitled",
        "transform" : [
          -0.5061428,
          1.00404e-09,
          0.8624497,
          0,
          0.19422305,
          0.97431266,
          0.11398297,
          0,
          -0.8402958,
          0.22519924,
          -0.4931413,
          0,
          -0.3586425,
          0.033349454,
          -0.14944232,
          1
        ]
      },
      {
        "date" : 730662041.993933,
        "title" : "Untitled",
        "transform" : [
          0.8668483,
          -3.349875e-09,
          0.498572,
          0,
          0.19471034,
          0.9205876,
          -0.33853555,
          0,
          -0.45897907,
          0.39053604,
          0.7980098,
          0,
          -0.17837855,
          0.15622574,
          0.31790885,
          1
        ]
      },
      {
        "date" : 730662014.052278,
        "title" : "Untitled",
        "transform" : [
          0.98067904,
          8.328605e-09,
          0.1956235,
          0,
          0.09779475,
          0.8660755,
          -0.49025437,
          0,
          -0.16942471,
          0.49991313,
          0.8493421,
          0,
          -0.06714434,
          0.19811533,
          0.33666423,
          1
        ]
      },
      {
        "date" : 730661780.057635,
        "title" : "Untitled",
        "transform" : [
          0.98067904,
          9.22095e-09,
          0.19562352,
          0,
          0.091214105,
          0.8846404,
          -0.45726496,
          0,
          -0.17305647,
          0.4662738,
          0.86754835,
          0,
          -0.030451197,
          0.07066059,
          0.1770044,
          1
        ]
      },
      {
        "date" : 730661769.994957,
        "title" : "Untitled",
        "transform" : [
          0.9809675,
          9.22095e-09,
          0.19417179,
          0,
          0.090537205,
          0.8846404,
          -0.45739946,
          0,
          -0.17177221,
          0.4662738,
          0.8678035,
          0,
          -0.021068776,
          0.04931345,
          0.123561226,
          1
        ]
      },
      {
        "date" : 730661766.113653,
        "title" : "Untitled",
        "transform" : [
          0.9809675,
          1.7408652e-09,
          0.19417177,
          0,
          0.09053722,
          0.8846404,
          -0.45739946,
          0,
          -0.17177223,
          0.4662739,
          0.8678036,
          0,
          -0.033863455,
          0.104844175,
          0.17729199,
          1
        ]
      },
      {
        "date" : 730661464.310719,
        "title" : "Untitled",
        "transform" : [
          0.99899596,
          2.7597217e-08,
          -0.04480082,
          0,
          -0.02806861,
          0.7794058,
          -0.62589043,
          0,
          0.034918,
          0.6265195,
          0.77862316,
          0,
          0.004000023,
          0.08217913,
          0.110229015,
          1
        ]
      },
      {
        "date" : 730661457.398978,
        "title" : "Untitled",
        "transform" : [
          0.99899596,
          2.8340528e-08,
          -0.044800818,
          0,
          -0.028068587,
          0.7794058,
          -0.62589043,
          0,
          0.03491797,
          0.62651944,
          0.7786231,
          0,
          0.14988875,
          0.7945139,
          1.1197749,
          1
        ]
      }
    ],
    "26DBAE76-5DD8-47B6-A085-1B4ADA111097" : [
      {
        "date" : 730660360.006507,
        "title" : "Untitled",
        "transform" : [
          0.99999994,
          0,
          0,
          0,
          0,
          0.87841177,
          -0.47790447,
          0,
          0,
          0.47790447,
          0.87841177,
          0,
          0,
          0.16524601,
          0.2862203,
          1
        ]
      },
      {
        "date" : 730626994.287507,
        "title" : "Untitled",
        "transform" : [
          0.99999994,
          0,
          -0,
          0,
          -0,
          0.87841177,
          -0.47790447,
          0,
          0,
          0.47790447,
          0.87841177,
          0,
          0,
          5.6904354,
          9.856325,
          1
        ]
      }
    ],
    "06181D56-AAC5-4314-ACFD-AF48356DE681" : [
      {
        "date" : 730626994.277376,
        "title" : "Untitled",
        "transform" : [
          0.99999994,
          0,
          -0,
          0,
          -0,
          0.8660254,
          -0.49999988,
          0,
          0,
          0.49999988,
          0.8660254,
          0,
          0,
          0.18675211,
          0.32346418,
          1
        ]
      }
    ]
  },
  "selectedSceneRelativePath" : "Earth.usda"
}